group_pair	r2	r2adj	pval
HB-MSP_vs_HL-MP	0.613127847235284	0.601749254506911	0.001
HB-MSP_vs_HL2-MP	0.442932522213196	0.427458425608007	0.001
HB-MSP_vs_HN-YNBP	0.283113719555091	0.261389892874943	0.001
HB-MSP_vs_IM-IMBP	0.584331692944112	0.570923037877794	0.001
HB-MSP_vs_JL-BSWP	0.564041779382083	0.544225496626723	0.001
HB-MSP_vs_JL-LXP	0.52631796948055	0.506581218208906	0.001
HB-MSP_vs_JL-SLBP	0.32417840894868	0.298185270831322	0.001
HB-MSP_vs_LN-BJBP	0.607317375180069	0.590955599145906	0.001
HB-MSP_vs_LN-JSBP	0.591878252042648	0.579874671220373	0.001
HB-MSP_vs_LN-LDBP	0.554453581302486	0.539089911692227	0.001
HB-MSP_vs_LN-THNP	0.494090015347471	0.471094106954174	0.001
HB-MSP_vs_LN2-LDBP	0.428586511043172	0.412260411358691	0.001
HB-MSP_vs_SD-LWP	0.533377339031193	0.520415598448726	0.001
HB-MSP_vs_SX-LLBP	0.31760482080023	0.297534374353178	0.001
HB-MSP_vs_JL-DLLW	0.583691759102787	0.564768657243823	0.001
HL-MP_vs_HL2-MP	0.403020949996474	0.388096473746386	0.001
HL-MP_vs_HN-YNBP	0.446321339797404	0.43135705168382	0.001
HL-MP_vs_IM-IMBP	0.466489000640164	0.451245829229883	0.001
HL-MP_vs_JL-BSWP	0.334302673541329	0.308698930215996	0.001
HL-MP_vs_JL-LXP	0.342032107224783	0.318533253911382	0.001
HL-MP_vs_JL-SLBP	0.377997623053467	0.357264210488582	0.001
HL-MP_vs_LN-BJBP	0.56996288832027	0.554604420045994	0.001
HL-MP_vs_LN-JSBP	0.643463599085631	0.634081062219463	0.001
HL-MP_vs_LN-LDBP	0.49638385395242	0.481122758617644	0.001
HL-MP_vs_LN-THNP	0.289409279558716	0.262078867234052	0.001
HL-MP_vs_LN2-LDBP	0.424264208815459	0.40950175263124	0.001
HL-MP_vs_SD-LWP	0.286303554512126	0.268461143374929	0.001
HL-MP_vs_SX-LLBP	0.429440723457878	0.414426005654138	0.001
HL-MP_vs_JL-DLLW	0.487080347878272	0.467352668950513	0.001
HL2-MP_vs_HN-YNBP	0.22236175806101	0.20242231596001	0.001
HL2-MP_vs_IM-IMBP	0.380879442651029	0.364146454614571	0.001
HL2-MP_vs_JL-BSWP	0.369456571847278	0.346937163698967	0.001
HL2-MP_vs_JL-LXP	0.36274078071214	0.341498806735878	0.001
HL2-MP_vs_JL-SLBP	0.258408435012729	0.235233698606876	0.001
HL2-MP_vs_LN-BJBP	0.398014557763974	0.377948376356106	0.001
HL2-MP_vs_LN-JSBP	0.346559765635516	0.330223759776404	0.001
HL2-MP_vs_LN-LDBP	0.38262681733084	0.364987583540292	0.001
HL2-MP_vs_LN-THNP	0.268115242354298	0.241976501009809	0.001
HL2-MP_vs_LN2-LDBP	0.327706440985731	0.311309037107335	0.001
HL2-MP_vs_SD-LWP	0.271060823250847	0.253705128566343	0.001
HL2-MP_vs_SX-LLBP	0.283767863333368	0.265862059916702	0.001
HL2-MP_vs_JL-DLLW	0.466597736908707	0.447547656084018	0.001
HN-YNBP_vs_IM-IMBP	0.338991787387217	0.319550369369194	0.001
HN-YNBP_vs_JL-BSWP	0.366547207103191	0.341209095387318	0.001
HN-YNBP_vs_JL-LXP	0.342054880072865	0.317686542297786	0.001
HN-YNBP_vs_JL-SLBP	0.199913392146693	0.172324198772441	0.001
HN-YNBP_vs_LN-BJBP	0.467615424958547	0.44789747773479	0.001
HN-YNBP_vs_LN-JSBP	0.462988090109571	0.448474254707127	0.001
HN-YNBP_vs_LN-LDBP	0.387643550683392	0.368507411642248	0.001
HN-YNBP_vs_LN-THNP	0.319468418192869	0.292247154920584	0.001
HN-YNBP_vs_LN2-LDBP	0.218939946771252	0.19838573484418	0.001
HN-YNBP_vs_SD-LWP	0.334925877269383	0.317872694635265	0.001
HN-YNBP_vs_SX-LLBP	0.131640418417136	0.108171240536518	0.003
HN-YNBP_vs_JL-DLLW	0.381078426005722	0.356321563045951	0.001
IM-IMBP_vs_JL-BSWP	0.440693784330706	0.416376122779867	0.001
IM-IMBP_vs_JL-LXP	0.44633526998028	0.424188680779491	0.001
IM-IMBP_vs_JL-SLBP	0.373930164474634	0.350742392788509	0.001
IM-IMBP_vs_LN-BJBP	0.696870138518064	0.684744944058787	0.001
IM-IMBP_vs_LN-JSBP	0.659871799748019	0.650153851169391	0.001
IM-IMBP_vs_LN-LDBP	0.536576685982515	0.521129242181932	0.001
IM-IMBP_vs_LN-THNP	0.39442973535509	0.368100593414007	0.001
IM-IMBP_vs_LN2-LDBP	0.387595863754284	0.370584637747458	0.001
IM-IMBP_vs_SD-LWP	0.380844551974464	0.364110620946747	0.001
IM-IMBP_vs_SX-LLBP	0.381811011002911	0.364148468460137	0.001
IM-IMBP_vs_JL-DLLW	0.592766130469493	0.575060310055123	0.001
JL-BSWP_vs_JL-LXP	0.149178559964241	0.0960022199620061	0.001
JL-BSWP_vs_JL-SLBP	0.231461587679023	0.188765009216746	0.001
JL-BSWP_vs_LN-BJBP	0.648391856255601	0.626416347271576	0.002
JL-BSWP_vs_LN-JSBP	0.601642777435325	0.586321345798222	0.001
JL-BSWP_vs_LN-LDBP	0.46576763359514	0.440327997099671	0.001
JL-BSWP_vs_LN-THNP	0.326359298236063	0.278242105252925	0.001
JL-BSWP_vs_LN2-LDBP	0.326303165559687	0.301351430950787	0.001
JL-BSWP_vs_SD-LWP	0.34312775663112	0.31966803365366	0.001
JL-BSWP_vs_SX-LLBP	0.351095127224882	0.326137247502762	0.001
JL-BSWP_vs_JL-DLLW	0.353205845391137	0.307006262919075	0.001
JL-LXP_vs_JL-SLBP	0.184805091917185	0.144045346513044	0.001
JL-LXP_vs_LN-BJBP	0.673473158598481	0.655332778520619	0.001
JL-LXP_vs_LN-JSBP	0.576970627321857	0.561862435440495	0.001
JL-LXP_vs_LN-LDBP	0.335882615017566	0.307007946105286	0.001
JL-LXP_vs_LN-THNP	0.390878396561437	0.352808296346527	0.001
JL-LXP_vs_LN2-LDBP	0.221819083566193	0.194985258861579	0.001
JL-LXP_vs_SD-LWP	0.314609829180216	0.29176349015289	0.001
JL-LXP_vs_SX-LLBP	0.308984775610183	0.284305660453404	0.001
JL-LXP_vs_JL-DLLW	0.3249766543476	0.282787695244325	0.001
JL-SLBP_vs_LN-BJBP	0.540711857562096	0.517747450440201	0.001
JL-SLBP_vs_LN-JSBP	0.477643634910618	0.460231756074305	0.001
JL-SLBP_vs_LN-LDBP	0.361324567127445	0.335777549812543	0.001
JL-SLBP_vs_LN-THNP	0.326578878354142	0.289166593818261	0.001
JL-SLBP_vs_LN2-LDBP	0.203979435945781	0.178301353234355	0.001
JL-SLBP_vs_SD-LWP	0.314776273455068	0.293363032000539	0.001
JL-SLBP_vs_SX-LLBP	0.151484739589399	0.123200897575713	0.001
JL-SLBP_vs_JL-DLLW	0.350593213966184	0.314515059186527	0.001
LN-BJBP_vs_LN-JSBP	0.693843068000065	0.68290889185721	0.001
LN-BJBP_vs_LN-LDBP	0.711025903845901	0.698461812708766	0.001
LN-BJBP_vs_LN-THNP	0.219351255585078	0.170560709059145	0.003
LN-BJBP_vs_LN2-LDBP	0.599827408998029	0.586028354135892	0.001
LN-BJBP_vs_SD-LWP	0.475694412723391	0.458217559814171	0.001
LN-BJBP_vs_SX-LLBP	0.508298273951421	0.490737498021114	0.001
LN-BJBP_vs_JL-DLLW	0.761804403433865	0.746917178648482	0.001
LN-JSBP_vs_LN-LDBP	0.47567753615768	0.459788976647307	0.001
LN-JSBP_vs_LN-THNP	0.531939538818291	0.513937213388226	0.001
LN-JSBP_vs_LN2-LDBP	0.588086091641277	0.577524196555156	0.001
LN-JSBP_vs_SD-LWP	0.576918410610269	0.566341370875526	0.001
LN-JSBP_vs_SX-LLBP	0.572131513365943	0.560871816349257	0.001
LN-JSBP_vs_JL-DLLW	0.678937314681212	0.666588749861258	0.001
LN-LDBP_vs_LN-THNP	0.490318937965153	0.466048411201588	0.001
LN-LDBP_vs_LN2-LDBP	0.343661531400238	0.324357458794363	0.001
LN-LDBP_vs_SD-LWP	0.385911882040304	0.368366507241455	0.001
LN-LDBP_vs_SX-LLBP	0.430837239045382	0.413589882652818	0.001
LN-LDBP_vs_JL-DLLW	0.565710883134438	0.545030448997982	0.001
LN-THNP_vs_LN2-LDBP	0.375964714016821	0.352852296017444	0.001
LN-THNP_vs_SD-LWP	0.24696039318498	0.220066121513015	0.001
LN-THNP_vs_SX-LLBP	0.3030195700121	0.276212630397181	0.001
LN-THNP_vs_JL-DLLW	0.492332198673411	0.456070212864369	0.001
LN2-LDBP_vs_SD-LWP	0.263719502795983	0.245761441888568	0.001
LN2-LDBP_vs_SX-LLBP	0.179397490446094	0.158356400457533	0.001
LN2-LDBP_vs_JL-DLLW	0.377579160878484	0.354526537207317	0.001
SD-LWP_vs_SX-LLBP	0.317362309578758	0.300296367318227	0.001
SD-LWP_vs_JL-DLLW	0.458586990482024	0.439250811570668	0.001
SX-LLBP_vs_JL-DLLW	0.417721092134828	0.395325749524629	0.001
