sample	contigs	contigs_sum_len	contigs_avg_len	contigs_N50_len	contigs_N90_len	gene	gene_avg_len	complete_gene	gene_clusters
PN10RA	771876	1009528908	1307.9	1522	596	1501153	599.236405	453629	1448040
PN10RB	745611	989138546	1326.6	1573	595	1462949	602.9358843	451969	1411080
PN10RC	802254	997009283	1242.8	1397	587	1505524	591.3008441	424184	1451059
PN10RD	847972	1068643410	1260.2	1430	588	1606806	591.2663097	463285	1548186
PN10RE	880543	1078530826	1224.8	1368	588	1634704	586.7099389	446255	1574598
PN10RF	764423	1044822254	1366.8	1674	600	1530986	608.7235507	492980	1477816
PN10RG	894834	1079753951	1206.7	1335	581	1657828	580.2105243	447458	1595673
PN10RH	818847	1085437679	1325.6	1582	599	1599046	603.6923516	491917	1541495
PN10RI	864904	1098303693	1269.9	1463	590	1640185	595.6032094	472128	1580194
PN10RJ	779300	1023219464	1313	1550	595	1517014	600.9702231	461157	1462405
PN10RK	902480	1089645012	1207.4	1330	582	1669161	580.8645277	450173	1606523
PN10RL	749984	1030834969	1374.5	1703	601	1501127	610.2951169	484331	1448817
PN10RM	830367	1087875792	1310.1	1546	591	1604050	602.2479493	486729	1546603
PN10RN	806197	1038022869	1287.6	1489	592	1549035	597.5888021	458833	1493316
PN10RO	834043	1120294252	1343.2	1633	599	1645086	605.746826	514226	1587148
PN10RP	644296	866948794	1345.6	1617	600	1278862	603.2297957	402526	1233138
PN10RQ	761596	956193818	1255.5	1433	588	1454111	583.5131802	416736	1400644
PN10RR	750074	955204386	1273.5	1473	591	1427493	594.2125187	414741	1375119
PN10RS	797194	1027071672	1288.4	1490	589	1536379	593.7366704	461197	1480139
PN10RT	795115	999909459	1257.6	1437	589	1508955	589.1686869	431941	1453425
PN11RA	1135421	1388668774	1223	1356	582	2095308	590.1935711	566131	2017642
PN11RB	825508	1005222652	1217.7	1354	581	1510825	590.6571582	405962	1454621
PN11RC	1066171	1220738119	1145	1210	576	1890252	577.4855099	462317	1819321
PN11RD	1004294	1199335989	1194.2	1303	580	1817368	586.8780869	472380	1750203
PN11RE	1068477	1308616897	1224.7	1364	582	1992735	586.3719742	548736	1919563
PN11RF	1037285	1269374295	1223.7	1359	581	1924283	587.880211	526386	1853739
PN11RG	1044268	1274809749	1220.8	1347	582	1918685	590.7925923	517464	1847971
PN11RH	980134	1196672733	1220.9	1352	581	1810535	587.4973071	492882	1743197
PN11RI	960028	1208083695	1258.4	1433	587	1823191	589.2996899	527712	1757037
PN11RJ	1194530	1434453757	1200.9	1324	580	2180944	585.2778751	572780	2098601
PN11RK	1066775	1285560858	1205.1	1337	580	1949781	585.6982861	517526	1877080
PN11RL	1030850	1238743815	1201.7	1322	581	1883745	584.7446024	493217	1812809
PN11RM	1098963	1353643154	1231.7	1376	582	2030388	592.497995	556311	1955714
PN11RN	1046934	1269948227	1213	1344	579	1949477	583.482176	528519	1878402
PN11RO	1032019	1225717961	1187.7	1301	578	1880824	580.9056217	490123	1811695
PN12RA	659658	874228565	1325.3	1594	593	1293182	599.7431382	405932	1246857
PN12RB	626169	796968475	1272.8	1474	586	1198254	589.9262602	355482	1154924
PN12RC	587565	776760030	1322	1571	590	1158105	595.3942363	367156	1116730
PN12RD	682520	903866538	1324.3	1596	591	1352550	593.4401242	432395	1303257
PN12RE	547515	727680279	1329.1	1584	591	1096277	588.4402893	358038	1056298
PN12RF	535354	718688174	1342.5	1631	592	1075230	592.526266	354891	1036713
PN12RG	588440	788833016	1340.5	1643	593	1183360	588.7502053	392923	1141057
PN12RH	582718	781711661	1341.5	1635	594	1181510	584.0390179	398154	1139069
PN12RI	686413	901095447	1312.8	1566	589	1345653	591.6209929	422351	1296442
PN12RJ	720590	956952706	1328	1604	590	1419162	597.4751656	447279	1367573
PN13RA	905858	1146442878	1265.6	1455	588	1719044	589.7912421	509547	1656308
PN13RB	870526	1096546133	1259.6	1434	591	1640989	591.1853522	479891	1581028
PN13RC	801607	1040364653	1297.8	1535	592	1548417	594.6214489	469998	1492416
PN13RD	871722	1104983235	1267.6	1472	589	1658782	591.7804859	484938	1598373
PN13RE	690259	936924322	1357.4	1649	596	1383467	600.6396473	456141	1334965
PN13RF	862629	1058060082	1226.6	1384	582	1596066	586.1281131	446005	1537040
PN13RG	803143	1045770968	1302.1	1552	592	1537362	602.1887818	467287	1482705
PN13RH	863602	1062133601	1229.9	1389	585	1596753	589.231667	446203	1538206
PN13RI	785653	1063493124	1353.6	1643	596	1580641	597.0662048	522812	1524834
PN13RJ	905332	1137890176	1256.9	1431	587	1697937	593.2215506	491274	1636363
PN13RK	934102	1180270522	1263.5	1445	591	1766715	590.3201705	519614	1702065
PN13RL	893005	1118896562	1253	1440	587	1686110	585.9757922	496529	1624129
PN13RM	803642	1004201223	1249.6	1435	585	1510770	588.4810044	437466	1455871
PN13RN	894414	1154294396	1290.6	1512	592	1725792	590.7081757	528701	1662639
PN13RO	773736	1053068059	1361	1644	602	1538667	608.3361351	499967	1485067
PN13RP	871767	1155848611	1325.9	1586	594	1712854	595.5380786	542288	1650637
PN13RQ	947295	1212825576	1280.3	1491	589	1817907	590.6837627	549815	1750589
PN13RR	828393	1125537686	1358.7	1660	598	1642944	608.5044792	527842	1585163
PN13RS	973455	1259812659	1294.2	1525	593	1885959	592.5739207	571322	1817476
PN13RT	578371	785272591	1357.7	1667	599	1176748	588.4901627	402641	1133924
PN13RU	908724	1144778117	1259.8	1449	586	1714494	590.3678298	501983	1651665
PN14RA	618157	825413086	1335.3	1611	599	1220109	596.3139269	388837	1175758
PN14RB	649857	919762237	1415.3	1827	603	1337897	606.9613565	464310	1291380
PN14RC	607614	905564271	1490.4	2054	613	1290448	617.2005986	473885	1245923
PN14RD	783254	1009549250	1288.9	1497	591	1512300	591.4946737	464775	1457626
PN14RE	565553	773164928	1367.1	1682	597	1136886	600.5278498	377031	1097051
PN14RF	636505	905135017	1422	1848	604	1314686	605.9672477	461215	1268651
PN14RG	775266	1060911430	1368.4	1701	602	1559888	599.1342725	514297	1503741
PN14RH	837784	1116859871	1333.1	1605	597	1667653	590.097994	542145	1606500
PN14RI	925815	1250396194	1350.6	1655	597	1848887	595.9773383	608337	1781455
PN14RJ	612799	914503827	1492.3	2050	614	1305055	615.9731613	481284	1260350
PN14RK	741299	983504999	1326.7	1600	598	1481456	585.6040517	481225	1427502
PN14RL	800546	1023913259	1279	1470	591	1547708	584.1745458	477642	1490548
PN14RM	557582	769955372	1380.9	1727	600	1132332	602.5124389	381555	1093246
PN14RN	634025	934237617	1473.5	2008	611	1335244	615.2083597	483942	1289342
PN14RO	739319	941120411	1273	1467	590	1418920	587.7116053	427073	1367621
PN14RP	635861	872079223	1371.5	1684	598	1280419	603.276875	425526	1236266
PN14RQ	639772	934938529	1461.4	1956	608	1346639	612.3814207	489217	1299831
PN14RR	678298	907833604	1338.4	1625	599	1343725	596.2735433	430644	1295228
PN14RS	599452	796323554	1328.4	1590	596	1191077	591.6828375	386499	1149048
PN14RT	619008	821332531	1326.9	1580	595	1229219	591.3817644	396801	1185635
PN15RA	415365	584973127	1408.3	1788	603	872812	586.153568	318355	841365
PN15RB	679876	934217290	1374.1	1714	601	1388888	591.0943748	477683	1339298
PN15RC	718376	886813589	1234.5	1387	586	1360442	574.5980659	398468	1309914
PN15RD	359526	502580173	1397.9	1779	603	738298	594.9478734	260813	712006
PN15RE	539313	778458800	1443.4	1886	609	1147608	593.0968902	423688	1106682
PN15RF	623556	780622647	1251.9	1432	588	1197511	572.0797788	367046	1152629
PN15RG	597906	739324923	1236.5	1394	586	1128733	577.5936399	330027	1087439
PN15RH	639724	805300235	1258.8	1440	591	1220014	582.1264977	363588	1175665
PN15RI	553196	735562683	1329.7	1597	596	1115992	580.9524065	373194	1075303
PN15RJ	748480	921065553	1230.6	1394	585	1403177	577.1169988	403870	1351095
PN15RK	702942	938222429	1334.7	1613	597	1403234	588.5578877	457954	1352317
PN15RL	704755	944914701	1340.8	1624	600	1404054	593.5948275	455946	1353333
PN15RM	714295	885509573	1239.7	1399	587	1355792	573.7904177	400120	1305254
PN15RN	696352	869075434	1248	1412	588	1327294	575.2071854	395487	1278033
PN15RO	526207	756124201	1436.9	1889	609	1107606	598.1516758	405006	1068527
PN15RP	706091	912786481	1292.7	1511	595	1386010	579.0011861	442425	1335010
PN16RA	1020895	1318595716	1291.6	1515	592	1976417	590.7076604	594282	1903886
PN16RB	818856	1049431224	1281.6	1478	589	1571995	589.8472998	470896	1514817
PN16RC	911322	1203851761	1321	1573	595	1779855	599.3260726	550236	1716410
PN16RD	710556	870217087	1224.7	1359	583	1334871	574.2665943	380821	1284721
PN16RE	712753	953212157	1337.4	1614	595	1441067	584.0767986	477842	1388260
PN16RF	883806	1135322749	1284.6	1504	589	1704184	588.5231372	515819	1642412
PN16RG	795898	1032158653	1296.8	1526	592	1545750	587.6213838	474513	1489065
PN16RH	956781	1235324316	1291.1	1515	590	1861125	586.437213	566026	1793552
PN16RI	738021	947786318	1284.2	1490	589	1427972	586.2393352	434598	1376547
PN16RJ	886763	1131910731	1276.5	1479	590	1705847	586.5491413	509752	1644523
PN16RK	881852	1148948084	1302.9	1524	592	1707197	595.7105337	521429	1645313
PN16RL	762429	961987430	1261.7	1435	588	1470060	579.0827456	441351	1415986
PN16RM	665737	876304775	1316.3	1572	594	1301555	595.8612675	406061	1254725
PN16RN	825775	1074982992	1301.8	1530	591	1602424	592.2041438	487537	1544250
PN16RO	949282	1188936356	1252.5	1422	588	1782953	591.4573867	510298	1718409
PN16RP	778484	1017981539	1307.6	1529	599	1516404	593.3299635	463478	1462340
PN16RQ	885901	1144955371	1292.4	1510	593	1712483	592.8879568	512918	1650960
PN16RR	788726	1052617444	1334.6	1608	594	1547021	601.7572644	485945	1492720
PN16RS	766491	1007334455	1314.2	1565	593	1503389	592.073305	470665	1449379
PN16RT	901776	1159977778	1286.3	1501	592	1734274	592.6840246	517713	1672479
PN16RU	838765	1110624099	1324.1	1592	592	1640657	597.7080054	511713	1582157
PN16RV	770888	974060235	1263.6	1444	588	1495087	575.8807053	453366	1439531
PN1CA	977583	1121345112	1147.1	1221	575	1748687	566.8310916	440490	1680367
PN1CB	914808	1053909186	1152.1	1226	579	1648252	564.4134526	421218	1584433
PN1CC	572036	666933440	1165.9	1258	575	1026389	571.9897018	264244	987451
PN1CD	734739	984898633	1340.5	1644	598	1432463	602.6503302	458686	1380506
PN1CE	416369	549010052	1318.6	1569	593	824407	584.6250832	267013	793475
PN1CF	349711	449458755	1285.2	1495	589	685636	575.1420258	219529	659563
PN1CG	430198	550415069	1279.4	1483	587	853331	566.8328597	277381	821175
PN1CH	781707	938662867	1200.8	1326	579	1442131	575.3934996	398182	1387969
PN1CI	485117	601535071	1240	1394	589	934359	569.2242907	283984	899575
PN1CJ	762071	859002216	1127.2	1187	571	1381268	549.7178078	365301	1327404
PN1CK	418173	518716115	1240.4	1388	585	798414	572.5685096	241880	768662
PN1CL	627642	805174113	1282.9	1477	592	1224302	580.0521865	384142	1179825
PN1DA	6703	5794770	864.5	806	535	6894	341.3181027	1800	5994
PN1DB	6740	5570327	826.5	773	536	6735	331.0218263	1604	5838
PN1DC	54097	79412752	1468	2170	596	112644	603.7199052	42822	108458
PN1DD	12341	11269771	913.2	840	539	16402	462.9926229	3853	15102
PN1DE	7452	5761214	773.1	715	529	7382	344.0120564	1554	6434
PN1DF	6210	5532575	890.9	849	540	6512	341.7222052	1762	5656
PN1DG	11731	12590124	1073.2	1084	551	17611	470.2746579	5830	16209
PN1DH	26388	31750081	1203.2	1370	563	44856	567.4196763	13967	42642
PN1DI	10304	10604389	1029.2	1060	549	14556	483.6751855	4059	13451
PN1DJ	83736	141712849	1692.4	3028	628	191751	638.6290189	80510	185258
PN1DK	36781	71132013	1933.9	3571	687	91315	665.7447626	43734	88359
PN1DL	94927	156381775	1647.4	2842	622	215040	629.2303153	89439	207375
PN1GA	21522	20226108	939.8	903	545	30685	468.4354571	6969	28727
PN1GB	320213	344045420	1074.4	1108	564	544638	554.6810946	123596	523482
PN1GC	99273	150390678	1514.9	2152	614	204738	624.9907101	77301	197125
PN1GD	93364	155892752	1669.7	2562	648	203410	653.9466398	81199	196293
PN1GE	129553	237245558	1831.3	3355	658	312107	657.7248668	138588	301881
PN1GF	102333	161251651	1575.8	2386	621	217707	637.43881	83750	210311
PN1GG	195789	269394719	1375.9	1725	593	395547	593.6709949	135470	381466
PN1GH	83991	149824177	1783.8	3246	651	198498	654.6560923	86339	192177
PN1GI	23494	39035173	1661.5	2768	629	50521	627.2818234	22554	48453
PN1GJ	136350	238573596	1749.7	3075	647	304675	669.5251169	128072	294166
PN1GK	88925	152687348	1717	2814	650	200644	651.7534688	84027	193656
PN1GL	99629	170223350	1708.6	2648	653	221364	660.2994931	90555	213929
PN1IA	64846	95717673	1476.1	2192	603	124020	583.1657716	42889	118853
PN1IB	76027	110529765	1453.8	1979	616	146965	588.9392849	47506	141362
PN1IC	34845	55929921	1605.1	2489	624	75504	616.8515178	32348	72417
PN1ID	61673	99402703	1611.8	2610	621	134544	619.3070817	57252	129305
PN1IE	16750	18332925	1094.5	1180	563	27562	501.0471301	8481	25938
PN1IF	13850	15439588	1114.8	1119	562	22369	508.2138674	7408	20953
PN1IG	9479	8167740	861.7	779	535	12891	401.9611357	3539	11733
PN1IH	30636	35161546	1147.7	1257	582	51838	544.1865041	14409	49342
PN1II	46804	71767819	1533.4	2258	618	99909	602.548359	40529	95899
PN1IJ	11324	12476695	1101.8	1152	556	17065	502.4918254	5496	15878
PN1IK	39069	59598922	1525.5	2312	606	81904	602.6035725	33793	78472
PN1IL	19238	21993555	1143.2	1230	561	31648	526.057792	10201	29821
PN1JA	45382	64148314	1413.5	1848	610	76809	594.9775026	26003	73017
PN1JB	21930	33681759	1535.9	2425	611	34266	589.1245841	13846	31924
PN1JC	71743	114051533	1589.7	2425	627	162316	606.2890843	68068	156145
PN1JD	6495	5460410	840.7	786	539	6638	344.3211811	1590	5788
PN1JE	194805	295211785	1515.4	2155	614	419982	616.5040145	155867	405495
PN1JF	48991	78739335	1607.2	2482	631	112229	605.1428419	47896	107958
PN1JG	86097	122761837	1425.9	1887	601	177735	605.7677272	63406	171446
PN1JH	79206	142740077	1802.1	3208	658	189902	650.9845973	83999	183735
PN1JI	26595	44052036	1656.4	2760	628	58505	619.6465259	26385	55986
PN1JJ	75049	131157958	1747.6	3011	649	172852	655.5909622	73224	167001
PN1JK	39804	78904718	1982.3	3722	701	101425	668.4144935	49119	98050
PN1JL	80009	136380164	1704.6	2825	647	179832	651.1204624	75378	173623
PN1LA	17199	17958773	1044.2	1060	553	23407	417.9676592	7376	21295
PN1LB	11492	12249452	1065.9	1074	551	14837	383.1384377	5242	13175
PN1LC	829810	981992287	1183.4	1284	578	1505530	578.5906133	395417	1449144
PN1LD	688098	910121233	1322.7	1592	597	1342698	596.0449677	423505	1293638
PN1LE	305968	375377109	1226.9	1364	578	572696	573.0624782	168244	550742
PN1LF	456186	559831697	1227.2	1378	580	858895	574.8752641	249994	826871
PN1LG	380980	464529032	1219.3	1349	583	718886	569.4602607	214259	691909
PN1LH	674603	839561119	1244.5	1403	584	1288295	576.1976543	380334	1239742
PN1LI	545198	699246311	1282.6	1488	594	1061152	582.6914533	327697	1022321
PN1LJ	328566	394890050	1201.9	1321	574	615675	562.1529784	180805	592135
PN1LK	422718	528848876	1251.1	1420	583	807061	579.6097792	240251	776873
PN1LL	243860	290951773	1193.1	1305	578	449464	564.3703278	130013	432432
PN1RA	1506635	1868367130	1240.1	1398	591	2887177	574.3041074	847429	2778849
PN1RB	1452342	1766854685	1216.6	1359	587	2723076	577.2777616	767838	2621049
PN1RC	1253317	1607149258	1282.3	1491	594	2415027	591.4221406	718658	2326731
PN1RD	1113938	1514953038	1360	1694	601	2235048	596.7264851	737951	2153814
PN1RE	681795	914589784	1341.4	1633	596	1361341	593.9485786	448082	1312667
PN1RF	772189	952615847	1233.7	1397	586	1462178	579.4509608	424503	1408111
PN1RG	404520	491797962	1215.8	1350	581	759501	570.3772688	223288	730669
PN1RH	1108513	1411646989	1273.5	1475	590	2153819	581.2703147	660694	2072510
PN1RI	778473	995881614	1279.3	1487	590	1515790	580.3426622	471836	1459557
PN1RJ	736044	908418645	1234.2	1403	588	1396403	578.1047219	410911	1344594
PN1RK	1149186	1421973053	1237.4	1401	589	2178670	580.0128427	632989	2097104
PN1RL	920556	1287661785	1398.8	1767	604	1897374	601.451328	658140	1831069
PN2CA	608288	725054764	1192	1306	579	1132632	566.0111828	316882	1088988
PN2CB	957188	1146517641	1197.8	1329	580	1750892	579.9785949	469243	1685128
PN2CC	773328	883138003	1142	1209	578	1374917	566.245137	344027	1322263
PN2CD	840735	968723903	1152.2	1241	573	1501320	570.2072936	382398	1444450
PN2CE	861958	988043109	1146.3	1222	578	1532233	569.226521	388446	1473829
PN2CF	875218	1078131187	1231.8	1391	586	1637803	584.1119426	458561	1576864
PN2CG	877186	1112712287	1268.5	1474	587	1677735	587.5337214	497559	1615954
PN2CH	1077858	1245458120	1155.5	1241	575	1931771	571.6302352	493731	1858439
PN2CI	1123346	1324748448	1179.3	1292	578	2039412	573.3737327	539410	1960865
PN2CJ	1025805	1183956451	1154.2	1241	573	1834211	570.3323811	471092	1764510
PN2DA	10705	13802451	1289.3	1555	576	17802	538.63667	7291	16596
PN2DB	38092	57242378	1502.7	2242	599	83060	590.0281604	34426	79865
PN2DC	5608	4667702	832.3	779	536	5590	309.3971377	1430	4753
PN2DD	11011	9908702	899.9	876	543	12631	369.7046948	3111	11280
PN2DE	11449	16400973	1432.5	2217	577	20487	567.9073071	9418	19122
PN2DF	7838	6885287	878.4	842	546	7777	320.0907805	2046	6766
PN2DG	24871	40934719	1645.9	2676	621	57196	611.0521015	25656	54920
PN2DH	5114	4166588	814.7	763	534	5178	322.96292	1196	4423
PN2DI	9075	7712260	849.8	804	538	10521	382.2323924	2235	9367
PN2DJ	12654	12616130	997	994	551	16466	434.5835054	4914	14980
PN2GA	32340	49287862	1524.1	2344	599	69428	594.4518494	29579	66593
PN2GB	186239	190398011	1022.3	957	551	293885	496.8888511	80165	276015
PN2GC	133274	158330207	1188	1254	559	224838	535.5040563	76965	211220
PN2GD	156470	169684206	1084.5	1039	555	255068	509.0559341	77287	239902
PN2GE	169628	175870693	1036.8	955	552	266279	492.0913929	78035	248622
PN2GF	208326	201620755	967.8	856	545	307732	469.1577509	83653	285216
PN2GG	258358	234128784	906.2	804	540	366965	444.9131089	90990	338073
PN2GH	61326	77118491	1257.5	1477	571	110724	540.2069199	41220	104455
PN2GI	184217	195380378	1060.6	1026	556	297737	503.0997491	87265	279502
PN2GJ	70426	98328370	1396.2	1894	590	138842	573.8578096	53800	132390
PN2IA	26225	47143815	1797.7	3445	647	65260	625.952988	31583	62996
PN2IB	97404	146495215	1504	2172	609	212539	597.5606924	82864	204486
PN2IC	59622	94249451	1580.8	2565	615	132603	601.8052759	55615	127195
PN2ID	13373	19372994	1448.7	2155	590	23494	573.6263301	10497	21920
PN2IE	14361	20494277	1427.1	1885	585	26783	569.3912183	11464	25228
PN2IF	81994	127512730	1555.1	2364	614	181002	609.3235158	72615	174329
PN2IG	11872	14631397	1232.4	1512	571	19883	552.5344264	6778	18660
PN2IH	7757	6484897	836	786	536	8750	373.6899429	1943	7844
PN2II	6635	5711184	860.8	803	536	7063	336.3249327	1860	6133
PN2IJ	8066	7727505	958	917	544	9839	417.1494054	2928	8773
PN2JA	27163	48298686	1778.1	3394	636	65345	629.9466524	31342	62925
PN2JB	56304	79515746	1412.3	1835	597	119095	583.2307821	44608	114707
PN2JC	45437	83513631	1838	3434	658	112236	646.4207741	52253	108372
PN2JD	158379	215012748	1357.6	1732	589	328448	570.4797654	116938	315040
PN2JE	25577	41878548	1637.4	2679	629	60843	597.5629407	26757	58641
PN2JF	22901	28215379	1232.1	1379	569	40883	535.8157914	15083	38653
PN2JG	32456	51501698	1586.8	2567	611	72189	602.6948427	31723	69230
PN2JH	34964	51432507	1471	2082	610	70682	590.0869528	29754	67509
PN2JI	41163	60723411	1475.2	2136	602	87524	576.0634455	36319	83528
PN2JJ	17829	26361666	1478.6	2133	595	35079	589.4783204	15171	33295
PN2LA	742709	895456299	1205.7	1328	585	1381945	574.9424405	383491	1330541
PN2LB	737338	896820226	1216.3	1364	584	1379921	575.3878889	386429	1327710
PN2LC	564316	640195627	1134.5	1194	577	1002107	564.2365137	250436	963876
PN2LD	723871	835598673	1154.3	1236	574	1305244	566.5098411	339038	1254813
PN2LE	587572	638615486	1086.9	1126	567	1009275	558.0256283	230015	969812
PN2LF	670734	801479418	1194.9	1312	581	1241371	571.7118718	340348	1194155
PN2LG	715075	892704063	1248.4	1429	583	1358479	582.3161101	402475	1307148
PN2LH	786668	885745529	1125.9	1187	572	1388116	564.5663821	340204	1334442
PN2LI	813975	938762584	1153.3	1242	578	1457393	569.0610083	371511	1401860
PN2LJ	589111	668020403	1133.9	1197	574	1040411	566.2496936	259368	999927
PN2RA	1107338	1362539996	1230.5	1376	585	2107492	574.1228342	611430	2028603
PN2RB	856891	1040662257	1214.5	1363	582	1601876	571.9413694	446568	1539849
PN2RC	1049564	1231337141	1173.2	1264	581	1919046	566.8871924	503701	1845091
PN2RD	686400	774877058	1128.9	1206	573	1222587	555.5172245	303443	1173668
PN2RE	1078999	1246334199	1155.1	1246	577	1942260	564.4541781	496437	1865937
PN2RF	1089695	1384497506	1270.5	1480	588	2099230	583.2579998	623076	2020530
PN2RG	878470	1103344443	1256	1447	586	1695486	573.0993414	506943	1630882
PN2RH	1118251	1297546597	1160.3	1253	576	2010882	572.2554789	518495	1934065
PN2RI	1075316	1276339041	1186.9	1314	579	1951341	579.4049784	517815	1877166
PN2RJ	1020177	1177707567	1154.4	1240	574	1832193	567.7723548	467857	1759937
PN3CA	984089	1187797711	1207	1335	582	1799393	586.0669065	479056	1733377
PN3CB	1005730	1230840323	1223.8	1375	585	1871693	582.6149791	514275	1801878
PN3CC	1156116	1397619880	1208.9	1337	581	2134984	580.0945305	581616	2054168
PN3CD	632302	868826201	1374.1	1708	602	1277172	599.2041417	424980	1231701
PN3CE	285570	327375573	1146.4	1246	573	498306	570.1577224	125509	479086
PN3CF	990473	1176583336	1187.9	1289	584	1839945	564.4755697	506062	1769171
PN3CG	753069	982202934	1304.3	1543	593	1472739	590.1730327	454820	1418784
PN3CH	947516	1132815061	1195.6	1306	584	1736336	578.2517675	464893	1671041
PN3DA	5754	4612644	801.6	765	534	5643	287.3227007	1363	4724
PN3DB	8100	6315668	779.7	719	530	8111	326.6978178	1752	6961
PN3DC	6496	5428851	835.7	783	540	6363	321.1621876	1503	5428
PN3DD	191091	293095140	1533.8	2064	624	406600	616.8850271	152112	392459
PN3DE	7325	5975270	815.7	751	534	7474	338.6925341	1725	6434
PN3DF	107351	174961751	1629.8	2503	635	227899	628.1015143	86742	219822
PN3DG	184912	297625852	1609.6	2353	635	413691	629.1069421	161604	400275
PN3DH	7095	5842870	823.5	772	538	6988	328.5309101	1642	6001
PN3GA	170912	235767875	1379.5	1757	587	331074	620.0060349	107808	319724
PN3GB	145579	247366319	1699.2	2952	633	318580	661.945188	128998	307198
PN3GC	67134	90939497	1354.6	1709	586	127793	611.8484894	41274	123021
PN3GD	323272	408212124	1262.8	1492	576	553859	564.7203675	187664	522538
PN3GE	293230	289811465	988.3	902	550	409700	469.2179619	111644	376574
PN3GF	173968	241070740	1385.7	1813	594	331549	624.2149908	109601	319752
PN3GG	82749	110593145	1336.5	1683	586	151479	596.8608322	49900	144835
PN3GH	72303	105633813	1461	2012	602	144164	626.7050443	50807	139018
PN3IA	7035	5527958	785.8	727	531	7421	337.310605	1594	6484
PN3IB	99513	146045579	1467.6	2044	605	213306	586.8203145	82229	204595
PN3IC	12798	11943473	933.2	874	545	17503	448.3658801	4477	16168
PN3ID	7367	5980131	811.7	772	537	7818	340.0613968	1696	6879
PN3IE	25877	33016754	1275.9	1556	583	47745	548.4834433	16824	45284
PN3IF	16394	15549445	948.5	917	550	23697	460.0105077	5791	21974
PN3IG	12719	13362339	1050.6	1083	558	19097	481.3520972	5554	17786
PN3IH	15478	17721413	1144.9	1221	568	25126	521.6550585	8155	23653
PN3JA	72250	103588718	1433.8	1868	597	147098	605.9200125	51956	141660
PN3JB	5834	5029681	862.1	829	544	5761	292.2086443	1536	4826
PN3JC	68089	101096601	1484.8	2002	603	144199	613.7563645	53382	139384
PN3JD	156946	243221451	1549.7	2296	618	334967	607.5547084	131428	322052
PN3JE	68055	93137688	1368.6	1756	596	134263	579.4407394	49196	128601
PN3JF	156958	244918691	1560.4	2276	628	333593	605.4688288	128252	320327
PN3JG	167488	267246144	1595.6	2410	625	371652	625.1087469	146751	358843
PN3JH	55066	87201060	1583.6	2459	613	120332	625.779776	48202	116126
PN3LA	826766	1071246185	1295.7	1518	593	1609525	590.6480185	485803	1551787
PN3LB	706407	863072128	1221.8	1367	584	1316483	578.5703986	366542	1266498
PN3LC	1030963	1239731630	1202.5	1321	579	1910356	574.5265537	522208	1837576
PN3LD	712410	963843830	1352.9	1653	599	1418319	598.9707619	459240	1367804
PN3LE	826521	1053176198	1274.2	1477	587	1571176	590.7129946	465163	1513093
PN3LF	684120	826764753	1208.5	1334	584	1275623	570.7544902	353527	1227311
PN3LG	702562	935525462	1331.6	1598	595	1383693	599.2093658	438360	1333397
PN3LH	1016625	1216837494	1196.9	1305	583	1880922	572.6911929	508757	1808928
PN3RA	1008645	1280450236	1269.5	1462	588	1925178	588.0307125	558562	1853543
PN3RB	881642	1084056127	1229.6	1396	586	1640419	586.6323823	452551	1578612
PN3RC	964840	1162592043	1205	1334	580	1781111	577.0077637	482315	1712929
PN3RD	855389	1183387193	1383.4	1738	602	1716366	610.8639521	570223	1655641
PN3RE	896764	1136604075	1267.5	1458	589	1698881	589.6103447	494339	1635212
PN3RF	1184307	1576911141	1331.5	1619	596	2334931	599.4562272	729304	2250516
PN3RG	859553	1149668170	1337.5	1616	597	1726419	588.7849091	556573	1662613
PN3RH	1311763	1633595930	1245.3	1417	586	2463269	587.6902847	703940	2370484
PN4RA	607922	836614430	1376.2	1711	601	1206698	614.7751575	392868	1165617
PN4RB	672650	820365340	1219.6	1361	582	1246838	582.9854584	344455	1200235
PN4RC	722808	888127522	1228.7	1389	586	1351799	582.1958257	378031	1300910
PN4RD	802908	985796896	1227.8	1384	586	1500221	582.8259263	419494	1444647
PN4RE	750454	964258571	1284.9	1499	590	1436943	597.1949597	431103	1385188
PN4RF	392113	500439207	1276.3	1484	586	752313	582.97859	231396	724114
PN4RG	614734	809868151	1317.4	1567	594	1203317	597.2549129	378102	1160376
PN4RH	616031	797135992	1294	1517	591	1191428	594.3510275	365773	1148401
PN5CA	383417	725869071	1893.2	3521	674	939597	673.2811599	431984	911762
PN5CB	392618	772536803	1967.7	3870	683	997188	684.27809	467146	969360
PN5CC	274711	578599859	2106.2	5289	688	732355	695.2443869	364101	712185
PN5CD	344226	665477724	1933.3	3795	676	858384	677.1987887	400933	833245
PN5CE	340044	679874598	1999.4	4064	689	869327	681.2446651	416190	844203
PN5CF	377114	758571866	2011.5	4165	688	970370	690.7132115	460506	943369
PN5CG	353886	720200211	2035.1	4757	679	920010	689.1669482	446637	894563
PN5CH	33154	71777574	2165	7967	644	84682	679.1766609	45973	81181
PN5DA	9228	7234311	784	742	534	9408	365.4473852	1628	8318
PN5DB	9412	9766903	1037.7	1050	555	13329	469.4962863	4014	12277
PN5DC	15153	14580508	962.2	933	547	19986	452.9558691	5306	18404
PN5DD	55402	106780963	1927.4	3377	685	121077	671.418717	55932	116850
PN5DE	17864	25659136	1436.4	2906	566	27195	601.6474352	10117	25254
PN5DF	7284	6008322	824.9	757	533	8167	372.7247459	1757	7304
PN5DG	15226	13174816	865.3	848	548	17308	490.6773168	2908	16008
PN5DH	29432	58355590	1982.7	6406	640	63945	707.5826882	32650	61668
PN5GA	217071	282540260	1301.6	1598	585	389499	590.0550784	126535	371456
PN5GB	149709	179829582	1201.2	1330	571	252404	572.5531806	73451	239948
PN5GC	130765	180488254	1380.2	1745	598	248652	610.7915641	82490	238741
PN5GD	229085	322969249	1409.8	1893	600	437158	613.9724562	152099	418970
PN5GE	180731	223550145	1236.9	1404	577	312170	575.5935292	96001	297057
PN5GF	191799	264628638	1379.7	1775	596	361877	612.6841662	122272	347357
PN5GG	262404	348965693	1329.9	1675	588	475812	596.233607	159988	453919
PN5GH	199110	261411314	1312.9	1602	587	362570	592.3748766	117597	346729
PN5IA	145053	258513029	1782.2	2939	659	333749	662.8784626	144932	323336
PN5IB	124849	203685482	1631.5	2421	634	271300	635.50777	111510	262274
PN5IC	29602	75434022	2548.3	8143	762	87987	718.6264448	50503	85582
PN5ID	20842	54807362	2629.7	9798	765	62888	727.1559598	36011	61213
PN5IE	162434	330077794	2032.1	4111	697	412794	686.9655228	201093	400921
PN5IF	30712	69918016	2276.6	7960	688	84874	693.3030964	44765	82475
PN5IG	28701	73365375	2556.2	8379	778	85699	721.6804047	48804	83395
PN5IH	110968	180004790	1622.1	2479	624	239872	639.8654491	98618	232152
PN5JA	147420	170446319	1156.2	1219	605	175530	397.3325073	66722	156991
PN5JB	48598	83262264	1713.3	3536	608	109427	646.0678078	46248	105989
PN5JC	49608	95437144	1923.8	3687	672	108161	668.2563586	50334	104319
PN5JD	292234	493921624	1690.2	2622	642	670800	649.4081664	276359	650292
PN5JE	50012	75882354	1517.3	2121	591	103609	629.4111708	37185	100244
PN5JF	61977	103426968	1668.8	2968	613	138001	644.6715893	56213	133547
PN5JG	54245	103680423	1911.3	3327	676	118571	667.3054204	54321	114442
PN5JH	301613	495083156	1641.5	2530	631	684884	638.0541873	274348	663552
PN5LA	258941	568856572	2196.9	5506	718	708717	705.6465063	362969	689483
PN5LB	395450	787121138	1990.4	4216	681	1008642	690.5851719	475833	980479
PN5LC	413778	780069895	1885.2	3575	670	1025355	671.3236684	462894	995019
PN5LD	414385	790064524	1906.6	3610	677	1037060	672.9601151	472268	1006789
PN5LE	263293	578161046	2195.9	5648	717	719687	706.7578433	368786	700645
PN5LF	403835	842553040	2086.4	4738	695	1071457	693.9065431	524459	1041816
PN5LG	424261	834360432	1966.6	3982	684	1085080	678.8075322	507586	1054142
PN5LH	399281	728933631	1825.6	3259	662	957579	666.7205327	428088	928849
PN5RA	523757	1016047893	1939.9	3781	679	1328639	675.5668312	613372	1289767
PN5RB	464094	905213640	1950.5	3891	678	1172146	684.1955311	544460	1138508
PN5RC	301616	721191369	2391.1	6921	745	885123	718.230812	477877	861990
PN5RD	458429	900375110	1964	4016	678	1169821	681.0686054	546699	1136141
PN5RE	490901	994800489	2026.5	4475	683	1269478	692.6034071	608902	1234076
PN5RF	537665	1018013204	1893.4	3555	672	1343468	669.1123503	607946	1303683
PN5RG	460352	925958641	2011.4	4068	694	1200096	679.4027778	571368	1165501
PN5RH	502069	1003062335	1997.9	4132	686	1298311	682.6579672	614254	1261268
PN6RA	902464	1194523616	1323.6	1578	597	1772675	599.9347732	550175	1710884
PN6RB	1056746	1447640935	1369.9	1702	601	2119961	607.5253667	687530	2046575
PN6RC	1109770	1537170485	1385.1	1735	605	2229856	610.2474039	729772	2150857
PN6RD	956047	1230228429	1286.8	1485	594	1830742	597.0885706	540732	1765907
PN6RE	779789	1032447421	1324	1560	597	1534684	598.0305451	474123	1480528
PN6RF	727717	1046688985	1438.3	1864	611	1508886	613.4352078	519012	1457157
PN6RG	929214	1230565946	1324.3	1577	598	1831625	596.5971643	571439	1767665
PN6RH	930873	1204159493	1293.6	1501	593	1798376	594.8289446	540147	1733396
PN6RI	890963	1185664038	1330.8	1584	591	1754855	601.8008667	551893	1694241
PN6RJ	744013	998994512	1342.7	1630	598	1464851	604.5570212	462270	1413836
PN6RK	661099	875974649	1325	1581	591	1301771	596.7026989	407156	1256372
PN6RL	966488	1253845383	1297.3	1527	593	1870059	595.9063997	561378	1803225
PN6RM	808494	1111242891	1374.5	1691	602	1614727	612.03028	519460	1558928
PN6RN	886001	1162708515	1312.3	1553	595	1727111	598.8066482	528395	1666194
PN6RO	748802	1071775073	1431.3	1860	607	1540633	616.2917502	525111	1488203
PN6RP	882528	1133774169	1284.7	1483	588	1702911	592.8628543	509810	1642831
PN6RQ	765507	1029935765	1345.4	1639	598	1518195	600.8413168	478305	1464566
PN6RR	865869	1136515880	1312.6	1562	592	1694975	594.5050712	521372	1635068
PN6RS	866117	1128387895	1302.8	1537	591	1687107	593.2518738	512349	1626371
PN6RT	949585	1236268442	1301.9	1534	592	1841885	596.348987	552154	1776019
PN7RA	550091	753478384	1369.7	1687	601	1111958	601.3221543	367417	1073293
PN7RB	714242	929483487	1301.4	1521	595	1402994	588.6673115	433629	1352805
PN7RC	767847	1007530232	1312.1	1563	593	1511678	590.2379131	471874	1456344
PN7RD	560731	782568231	1395.6	1772	603	1146160	605.4876213	389486	1106161
PN7RE	653200	931447114	1426	1845	604	1357027	609.6692343	473115	1310090
PN7RF	756309	1054874139	1394.8	1749	606	1552631	603.2567841	521439	1497095
PN7RG	740391	1002345067	1353.8	1647	598	1484457	601.9410087	481034	1432256
PN7RH	672578	904526015	1344.9	1616	598	1353396	593.7878315	441537	1305326
PN7RI	662958	930326931	1403.3	1792	604	1362672	605.8026194	461052	1314563
PN7RJ	832868	1055116512	1266.8	1460	588	1599185	584.6260001	473970	1540134
PN7RK	800951	1061153955	1324.9	1601	597	1584269	593.4156523	495550	1525894
PN7RL	664724	932050280	1402.2	1753	604	1364540	606.2675649	462251	1317743
PN7RM	671923	888085311	1321.7	1562	593	1336057	588.3594166	426819	1286778
PN7RN	829196	1058267551	1276.3	1474	590	1599318	585.7626963	478086	1540407
PN7RO	681986	917713559	1345.6	1612	602	1383795	589.0269173	455875	1334935
PN7RP	691687	941592329	1361.3	1661	598	1391823	602.117502	453688	1343175
PN7RQ	752748	1037332373	1378.1	1707	602	1531549	601.8747118	505219	1476957
PN7RR	615287	887882285	1443	1901	604	1283589	614.3589069	451670	1239276
PN7RS	545752	757407724	1387.8	1749	602	1112493	603.5224401	375010	1073742
PN7RT	768716	1004741198	1307	1545	592	1509667	589.0183868	467611	1453779
PN7RU	735427	953797992	1296.9	1516	596	1442717	586.7223024	441622	1390366
PN7RV	551916	763865193	1384	1723	602	1125657	600.7684099	375682	1086327
PN8RA	642090	966865614	1505.8	2066	615	1382867	616.4450088	520851	1336125
PN8RB	654977	996336595	1521.2	2112	619	1417242	620.1155618	537921	1369418
PN8RC	510628	778211635	1524	2128	623	1115177	615.5520442	423343	1078317
PN8RD	650852	970309971	1490.8	2026	614	1408062	609.5222369	529038	1359874
PN8RE	656883	946363689	1440.7	1870	607	1370894	608.9862024	491277	1323894
PN8RF	616597	905376359	1468.3	1958	611	1309598	611.7987001	479786	1265130
PN8RG	736025	991161558	1346.6	1629	596	1464985	599.4723714	483181	1412627
PN8RH	452219	713904962	1578.7	2348	621	1018377	616.9171829	411191	984068
PN8RI	612317	873210712	1426.1	1857	603	1269219	607.6263269	448405	1225210
PN8RJ	596354	850619818	1426.4	1825	607	1263503	592.8771337	456596	1219011
PN8RK	543658	786536896	1446.7	1928	606	1137530	609.1047269	409585	1098912
PN8RL	739992	1080726465	1460.5	1935	610	1557260	614.2882133	561076	1504467
PN8RM	775089	1105531705	1426.3	1838	607	1627072	601.0961187	580396	1569527
PN8RN	613561	908514684	1480.7	2007	612	1308204	611.6538636	485528	1263473
PN8RO	763526	1060230528	1388.6	1769	602	1541956	609.1296049	517015	1488352
PN8RP	611385	925059295	1513.1	2100	617	1327538	614.9447112	504012	1282940
PN8RQ	607682	874000303	1438.3	1885	607	1265594	611.1639025	450768	1222259
PN8RR	604373	911051977	1507.4	2077	617	1305623	615.7056907	494436	1261954
PN8RS	682973	1023108842	1498	2039	619	1490824	605.3102687	566019	1439767
PN9RA	734135	938679538	1278.6	1477	590	1410354	588.6842899	424790	1358495
PN9RB	799369	1046792840	1309.5	1552	595	1554244	596.1077289	478429	1498003
PN9RC	756125	967821861	1280	1484	590	1454930	588.4032916	438461	1401245
PN9RD	799779	1043208673	1304.4	1536	595	1561833	590.004681	483989	1504369
PN9RE	771446	1022771372	1325.8	1583	595	1515831	596.3387172	479462	1460937
PN9RF	736577	974367761	1322.8	1573	596	1442828	596.671753	453452	1390643
PN9RG	715613	924806217	1292.3	1510	590	1382958	590.8444551	421835	1332458
PN9RH	681546	892417916	1309.4	1543	591	1324340	595.7475543	410496	1276173
PN9RI	563208	855758941	1519.4	2145	615	1209597	624.1586834	454505	1168932
PN9RJ	724004	1142946082	1578.6	2309	625	1599763	629.5203583	626112	1546441
PN9RK	564277	865592456	1534	2193	616	1218396	625.868917	460565	1177661
PN9RL	770124	979672603	1272.1	1466	594	1472889	588.1817326	437208	1418663
PN9RM	864290	1111053039	1285.5	1505	591	1666695	588.8582974	502651	1605497
PN9RN	769640	981149434	1274.8	1475	590	1473282	588.6465442	438219	1419119
PN9RO	665658	893497246	1342.3	1628	596	1315188	600.3687648	423965	1268390
PN9RP	666685	897515261	1346.2	1633	597	1315371	603.4464178	421728	1268488
PN9RQ	689722	924007301	1339.7	1618	594	1355632	603.1458847	433660	1306827
